2.656549997965017
2.656549997965017
2.656549997965017
2.656549997965017
2.656549997965017
2.656549997965017
3.278385070196663
3.3826570495657045
3.3826570495657045
3.3826570495657045
3.3826570495657045
3.3826570495657045
3.3826570495657045
3.3826570495657045
3.3826570495657045
3.3826570495657045
3.3826570495657045
3.3826570495657045
3.3826570495657045
3.3826570495657045
3.3826570495657045
3.3826570495657045
3.6444261373454574
3.6444261373454574
3.6444261373454574
3.83909575856533
3.83909575856533
3.83909575856533
3.83909575856533
3.83909575856533
3.83909575856533
3.83909575856533
3.83909575856533
3.83909575856533
3.83909575856533
3.83909575856533
4.064793343632489
4.064793343632489
4.064793343632489
4.064793343632489
4.064793343632489
4.064793343632489
4.064793343632489
4.064793343632489
4.064793343632489
4.064793343632489
4.064793343632489
4.064793343632489
4.064793343632489
4.064793343632489
4.064793343632489
4.064793343632489
4.064793343632489
4.064793343632489
4.064793343632489
4.064793343632489
4.064793343632489
4.064793343632489
4.064793343632489
4.064793343632489
4.064793343632489
4.064793343632489
4.064793343632489
4.064793343632489
4.960566280561525
4.960566280561525
4.960566280561525
4.960566280561525
4.960566280561525
4.960566280561525
4.960566280561525
4.960566280561525
4.960566280561525
4.960566280561525
4.960566280561525
4.960566280561525
4.960566280561525
4.960566280561525
4.960566280561525
4.960566280561525
4.960566280561525
4.960566280561525
4.960566280561525
4.960566280561525
4.960566280561525
4.960566280561525
4.960566280561525
4.960566280561525
4.960566280561525
4.960566280561525
4.960566280561525
4.960566280561525
4.960566280561525
4.960566280561525
6.960247471481672
6.960247471481672
6.960247471481672
6.960247471481672
6.960247471481672
6.960247471481672
6.960247471481672
6.960247471481672
6.960247471481672
6.960247471481672
6.960247471481672
6.960247471481672
6.960247471481672
6.960247471481672
6.960247471481672
6.960247471481672
6.960247471481672
6.960247471481672
6.960247471481672
6.960247471481672
6.960247471481672
6.960247471481672
6.960247471481672
6.960247471481672
6.960247471481672
6.960247471481672
6.960247471481672
6.960247471481672
6.960247471481672
6.960247471481672
6.960247471481672
6.960247471481672
6.960247471481672
6.960247471481672
6.960247471481672
6.960247471481672
6.960247471481672
6.960247471481672
6.960247471481672
6.960247471481672
6.960247471481672
6.960247471481672
6.960247471481672
6.960247471481672
6.960247471481672
6.960247471481672
6.960247471481672
6.960247471481672
6.960247471481672
6.960247471481672
6.960247471481672
6.960247471481672
7.443377048017244
7.443377048017244
7.443377048017244
7.443377048017244
7.443377048017244
7.443377048017244
7.443377048017244
7.443377048017244
7.443377048017244
7.443377048017244
7.443377048017244
7.443377048017244
7.443377048017244
7.443377048017244
7.443377048017244
7.443377048017244
7.443377048017244
7.443377048017244
7.443377048017244
7.443377048017244
7.443377048017244
7.443377048017244
7.443377048017244
7.443377048017244
7.443377048017244
7.443377048017244
7.443377048017244
7.443377048017244
7.443377048017244
7.443377048017244
7.443377048017244
7.443377048017244
7.443377048017244
7.443377048017244
7.443377048017244
7.443377048017244
7.443377048017244
7.443377048017244
7.443377048017244
7.443377048017244
7.443377048017244
7.443377048017244
7.443377048017244
7.443377048017244
7.443377048017244
7.443377048017244
7.443377048017244
7.443377048017244
7.443377048017244
7.443377048017244
7.443377048017244
7.443377048017244
7.443377048017244
7.443377048017244
7.443377048017244
7.443377048017244
7.443377048017244
7.443377048017244
7.443377048017244
7.443377048017244
7.443377048017244
7.443377048017244
7.443377048017244
7.443377048017244
7.443377048017244
7.443377048017244
7.443377048017244
7.443377048017244
7.443377048017244
7.443377048017244
7.443377048017244
7.443377048017244
7.443377048017244
7.443377048017244
7.443377048017244
7.443377048017244
7.443377048017244
7.455293311821556
7.455293311821556
7.455293311821556
7.455293311821556
7.455293311821556
7.455293311821556
7.455293311821556
7.455293311821556
7.455293311821556
7.455293311821556
7.455293311821556
7.455293311821556
7.455293311821556
7.455293311821556
7.455293311821556
8.183605730361199
8.183605730361199
8.183605730361199
8.183605730361199
8.183605730361199
8.183605730361199
8.183605730361199
8.183605730361199
8.183605730361199
8.183605730361199
8.183605730361199
8.183605730361199
8.183605730361199
8.183605730361199
8.183605730361199
8.183605730361199
8.183605730361199
8.183605730361199
8.183605730361199
8.183605730361199
8.183605730361199
8.183605730361199
8.183605730361199
8.183605730361199
8.183605730361199
8.183605730361199
8.183605730361199
8.183605730361199
8.183605730361199
8.183605730361199
8.183605730361199
8.183605730361199
8.183605730361199
8.183605730361199
8.183605730361199
8.183605730361199
8.183605730361199
8.183605730361199
8.183605730361199
8.183605730361199
8.183605730361199
8.183605730361199
8.183605730361199
8.183605730361199
8.183605730361199
8.183605730361199
8.183605730361199
8.183605730361199
8.183605730361199
8.183605730361199
8.183605730361199
8.183605730361199
8.183605730361199
8.183605730361199
8.183605730361199
8.183605730361199
8.183605730361199
8.183605730361199
8.183605730361199
8.183605730361199
8.183605730361199
8.183605730361199
8.183605730361199
8.183605730361199
8.183605730361199
8.183605730361199
8.183605730361199
8.183605730361199
8.183605730361199
8.183605730361199
8.183605730361199
8.183605730361199
8.183605730361199
8.183605730361199
8.183605730361199
9.109449343694097
9.109449343694097
9.109449343694097
9.109449343694097
9.109449343694097
9.109449343694097
9.109449343694097
9.109449343694097
9.109449343694097
9.109449343694097
9.109449343694097
9.109449343694097
10.136273279286113
10.136273279286113
10.136273279286113
10.136273279286113
10.136273279286113
10.136273279286113
10.136273279286113
10.136273279286113
10.136273279286113
10.136273279286113
10.136273279286113
10.136273279286113
10.136273279286113
10.136273279286113
10.136273279286113
10.136273279286113
10.136273279286113
10.136273279286113
10.136273279286113
10.136273279286113
10.136273279286113
10.136273279286113
10.136273279286113
10.136273279286113
10.136273279286113
10.136273279286113
10.136273279286113
10.136273279286113
10.136273279286113
10.136273279286113
10.136273279286113
10.136273279286113
10.136273279286113
10.136273279286113
10.136273279286113
10.136273279286113
10.136273279286113
10.136273279286113
10.136273279286113
10.136273279286113
10.136273279286113
10.136273279286113
10.136273279286113
10.136273279286113
10.136273279286113
10.136273279286113
10.136273279286113
10.136273279286113
10.136273279286113
10.136273279286113
10.136273279286113
10.136273279286113
10.136273279286113
10.136273279286113
10.136273279286113
10.136273279286113
10.136273279286113
10.136273279286113
10.136273279286113
10.136273279286113
10.136273279286113
10.136273279286113
10.45204278619008
10.45204278619008
10.45204278619008
10.45204278619008
10.45204278619008
10.45204278619008
10.45204278619008
10.45204278619008
10.45204278619008
10.45204278619008
10.45204278619008
10.45204278619008
10.45204278619008
10.45204278619008
10.45204278619008
10.45204278619008
10.45204278619008
10.45204278619008
10.45204278619008
10.45204278619008
10.45204278619008
10.45204278619008
10.45204278619008
10.45204278619008
10.45204278619008
10.45204278619008
10.45204278619008
10.45204278619008
10.45204278619008
10.45204278619008
10.45204278619008
10.45204278619008
10.45204278619008
10.45204278619008
10.45204278619008
10.45204278619008
10.45204278619008
10.45204278619008
10.45204278619008
10.45204278619008
10.45204278619008
10.45204278619008
10.45204278619008
10.45204278619008
10.45204278619008
10.45204278619008
10.45204278619008
10.45204278619008
10.45204278619008
10.45204278619008
10.45204278619008
10.45204278619008
10.45204278619008
10.45204278619008
10.45204278619008
10.45204278619008
10.45204278619008
10.45204278619008
10.45204278619008
10.45204278619008
10.45204278619008
10.45204278619008
10.45204278619008
10.45204278619008
10.45204278619008
10.45204278619008
10.45204278619008
10.45204278619008
10.45204278619008
10.45204278619008
10.45204278619008
10.45204278619008
10.45204278619008
11.144344686929271
11.144344686929271
11.144344686929271
11.144344686929271
11.144344686929271
11.144344686929271
11.144344686929271
11.144344686929271
11.144344686929271
11.144344686929271
11.144344686929271
11.144344686929271
11.144344686929271
11.144344686929271
11.144344686929271
11.144344686929271
11.144344686929271
11.144344686929271
11.144344686929271
11.144344686929271
11.144344686929271
11.144344686929271
11.144344686929271
11.144344686929271
11.144344686929271
11.144344686929271
11.144344686929271
11.144344686929271
11.144344686929271
11.144344686929271
11.144344686929271
11.144344686929271
11.144344686929271
11.144344686929271
11.144344686929271
11.144344686929271
11.144344686929271
11.144344686929271
11.144344686929271
11.144344686929271
11.144344686929271
