1.4511095183131626
1.7608980173875306
2.173563553957345
2.854382237475671
2.854382237475671
2.854382237475671
2.854382237475671
2.854382237475671
2.854382237475671
3.0880565252630072
3.0880565252630072
3.0880565252630072
3.343639086961155
3.637399875881137
3.637399875881137
3.637399875881137
3.637399875881137
3.637399875881137
3.637399875881137
3.6730121875224078
3.6730121875224078
3.6730121875224078
3.6730121875224078
3.6730121875224078
3.6730121875224078
3.6730121875224078
3.6730121875224078
3.6730121875224078
3.6730121875224078
3.6730121875224078
3.6730121875224078
3.6730121875224078
3.6730121875224078
3.6730121875224078
3.6730121875224078
3.6730121875224078
3.6730121875224078
3.6730121875224078
4.304665315909324
4.57662375427763
4.57662375427763
4.57662375427763
6.5794952311025465
6.5794952311025465
6.5794952311025465
6.5794952311025465
6.5794952311025465
6.5794952311025465
6.5794952311025465
6.5794952311025465
6.5794952311025465
6.5794952311025465
6.5794952311025465
6.5794952311025465
6.5794952311025465
6.5794952311025465
6.5794952311025465
6.5794952311025465
6.5794952311025465
6.5794952311025465
6.5794952311025465
6.5794952311025465
6.5794952311025465
6.5794952311025465
6.5794952311025465
6.5794952311025465
6.5794952311025465
6.5794952311025465
6.5794952311025465
6.5794952311025465
6.5794952311025465
6.5794952311025465
6.5794952311025465
6.5794952311025465
6.5794952311025465
6.5794952311025465
6.5794952311025465
6.5794952311025465
6.5794952311025465
6.5794952311025465
6.5794952311025465
6.5794952311025465
6.5794952311025465
6.5794952311025465
6.5794952311025465
6.5794952311025465
6.5794952311025465
6.5794952311025465
6.5794952311025465
6.5794952311025465
6.5794952311025465
6.5794952311025465
6.5794952311025465
6.5794952311025465
6.5794952311025465
6.5794952311025465
6.5794952311025465
6.5794952311025465
6.5794952311025465
6.5794952311025465
7.873553001347031
7.873553001347031
7.873553001347031
7.873553001347031
7.873553001347031
7.873553001347031
7.873553001347031
7.873553001347031
7.873553001347031
7.873553001347031
7.873553001347031
7.873553001347031
7.873553001347031
7.873553001347031
7.873553001347031
7.873553001347031
7.873553001347031
7.873553001347031
7.873553001347031
7.873553001347031
7.873553001347031
7.873553001347031
7.873553001347031
7.873553001347031
7.873553001347031
7.873553001347031
7.873553001347031
7.873553001347031
7.873553001347031
7.873553001347031
7.873553001347031
7.873553001347031
7.873553001347031
7.873553001347031
7.873553001347031
7.873553001347031
7.873553001347031
7.873553001347031
7.873553001347031
7.873553001347031
7.873553001347031
7.873553001347031
7.873553001347031
7.873553001347031
7.873553001347031
7.873553001347031
7.873553001347031
7.873553001347031
7.873553001347031
7.873553001347031
7.873553001347031
7.873553001347031
7.873553001347031
7.873553001347031
7.873553001347031
7.873553001347031
7.873553001347031
7.873553001347031
7.873553001347031
7.873553001347031
7.873553001347031
7.873553001347031
7.873553001347031
7.873553001347031
7.873553001347031
7.873553001347031
7.873553001347031
7.873553001347031
7.873553001347031
7.873553001347031
7.873553001347031
7.873553001347031
7.873553001347031
7.873553001347031
7.873553001347031
7.873553001347031
7.873553001347031
7.873553001347031
7.873553001347031
7.873553001347031
7.873553001347031
7.873553001347031
7.873553001347031
7.873553001347031
7.873553001347031
7.873553001347031
7.873553001347031
7.873553001347031
7.873553001347031
7.873553001347031
7.873553001347031
7.873553001347031
7.873553001347031
7.873553001347031
7.873553001347031
7.873553001347031
7.873553001347031
7.873553001347031
7.873553001347031
7.873553001347031
7.873553001347031
7.873553001347031
7.873553001347031
7.873553001347031
7.873553001347031
7.873553001347031
7.873553001347031
7.873553001347031
7.873553001347031
7.873553001347031
7.873553001347031
7.873553001347031
7.873553001347031
7.873553001347031
7.873553001347031
7.873553001347031
7.873553001347031
7.873553001347031
7.873553001347031
7.873553001347031
7.873553001347031
7.873553001347031
7.873553001347031
7.873553001347031
7.873553001347031
7.873553001347031
7.873553001347031
7.873553001347031
7.873553001347031
7.873553001347031
7.873553001347031
7.873553001347031
7.873553001347031
7.873553001347031
7.873553001347031
7.873553001347031
7.873553001347031
7.873553001347031
7.873553001347031
7.873553001347031
7.873553001347031
7.873553001347031
7.873553001347031
7.873553001347031
7.873553001347031
7.873553001347031
7.873553001347031
7.873553001347031
7.873553001347031
7.873553001347031
7.873553001347031
7.873553001347031
7.873553001347031
7.873553001347031
7.873553001347031
7.873553001347031
7.873553001347031
7.873553001347031
7.873553001347031
7.873553001347031
7.873553001347031
7.873553001347031
7.873553001347031
7.873553001347031
7.873553001347031
7.873553001347031
7.873553001347031
7.873553001347031
7.873553001347031
7.873553001347031
7.873553001347031
7.873553001347031
7.873553001347031
7.873553001347031
7.873553001347031
7.873553001347031
7.873553001347031
7.873553001347031
7.873553001347031
7.873553001347031
7.873553001347031
7.873553001347031
7.873553001347031
7.873553001347031
7.873553001347031
7.873553001347031
7.873553001347031
7.873553001347031
7.873553001347031
7.873553001347031
7.873553001347031
7.873553001347031
7.873553001347031
7.873553001347031
7.873553001347031
7.873553001347031
7.873553001347031
7.873553001347031
7.873553001347031
7.873553001347031
7.873553001347031
7.873553001347031
7.873553001347031
7.873553001347031
7.873553001347031
7.873553001347031
7.873553001347031
7.873553001347031
7.873553001347031
7.873553001347031
7.873553001347031
7.873553001347031
7.873553001347031
7.873553001347031
7.873553001347031
7.873553001347031
7.873553001347031
7.873553001347031
7.873553001347031
7.873553001347031
7.873553001347031
7.873553001347031
7.873553001347031
7.873553001347031
7.873553001347031
7.873553001347031
7.873553001347031
7.873553001347031
7.873553001347031
7.873553001347031
7.873553001347031
7.873553001347031
7.873553001347031
7.873553001347031
7.873553001347031
7.873553001347031
7.873553001347031
7.873553001347031
7.873553001347031
7.873553001347031
7.873553001347031
7.873553001347031
7.873553001347031
7.873553001347031
7.873553001347031
7.873553001347031
7.873553001347031
7.873553001347031
7.873553001347031
7.873553001347031
7.873553001347031
7.873553001347031
7.873553001347031
7.873553001347031
7.873553001347031
7.873553001347031
7.873553001347031
7.873553001347031
7.873553001347031
7.873553001347031
7.873553001347031
7.873553001347031
7.873553001347031
7.873553001347031
7.873553001347031
7.873553001347031
7.873553001347031
7.873553001347031
7.873553001347031
7.873553001347031
7.873553001347031
7.873553001347031
7.873553001347031
7.873553001347031
7.873553001347031
7.873553001347031
7.873553001347031
7.873553001347031
7.873553001347031
7.873553001347031
7.873553001347031
7.873553001347031
7.873553001347031
7.873553001347031
7.873553001347031
7.873553001347031
7.873553001347031
7.873553001347031
7.873553001347031
7.873553001347031
7.873553001347031
7.873553001347031
7.873553001347031
7.873553001347031
7.873553001347031
7.873553001347031
7.873553001347031
7.873553001347031
7.873553001347031
7.873553001347031
7.873553001347031
7.873553001347031
7.873553001347031
7.873553001347031
7.873553001347031
7.873553001347031
7.873553001347031
7.873553001347031
7.873553001347031
7.873553001347031
7.873553001347031
7.873553001347031
7.873553001347031
7.873553001347031
7.873553001347031
7.873553001347031
7.873553001347031
7.873553001347031
7.873553001347031
7.873553001347031
7.873553001347031
7.873553001347031
7.873553001347031
7.873553001347031
7.873553001347031
7.873553001347031
7.873553001347031
7.873553001347031
7.873553001347031
7.873553001347031
7.873553001347031
7.873553001347031
7.873553001347031
7.873553001347031
7.873553001347031
7.873553001347031
7.873553001347031
7.873553001347031
7.873553001347031
7.873553001347031
7.873553001347031
7.873553001347031
7.873553001347031
7.873553001347031
7.873553001347031
7.873553001347031
7.873553001347031
7.873553001347031
7.873553001347031
7.873553001347031
7.873553001347031
7.873553001347031
7.873553001347031
7.873553001347031
7.873553001347031
7.873553001347031
7.873553001347031
7.873553001347031
7.873553001347031
7.873553001347031
7.873553001347031
7.873553001347031
7.873553001347031
7.873553001347031
7.873553001347031
7.873553001347031
7.873553001347031
7.873553001347031
7.873553001347031
7.873553001347031
7.873553001347031
7.873553001347031
7.873553001347031
7.873553001347031
7.873553001347031
7.873553001347031
7.873553001347031
7.873553001347031
7.873553001347031
7.873553001347031
7.873553001347031
7.873553001347031
7.873553001347031
7.873553001347031
7.873553001347031
7.873553001347031
7.873553001347031
7.873553001347031
7.873553001347031
7.873553001347031
7.873553001347031
7.873553001347031
7.873553001347031
7.873553001347031
7.873553001347031
7.873553001347031
7.873553001347031
7.873553001347031
7.873553001347031
7.873553001347031
7.873553001347031
