1.1420139286397422
1.1420139286397422
1.9982903263565137
1.9982903263565137
1.9982903263565137
2.1858211722593865
2.349257157823737
3.64065104097158
3.64065104097158
3.64065104097158
3.64065104097158
3.64065104097158
3.64065104097158
3.64065104097158
3.64065104097158
3.64065104097158
3.64065104097158
3.64065104097158
3.64065104097158
3.64065104097158
3.64065104097158
3.64065104097158
3.64065104097158
3.64065104097158
4.423679384475158
4.423679384475158
4.423679384475158
4.423679384475158
4.423679384475158
4.423679384475158
4.423679384475158
4.423679384475158
4.423679384475158
4.423679384475158
4.423679384475158
4.423679384475158
4.423679384475158
4.423679384475158
4.423679384475158
4.423679384475158
4.423679384475158
4.423679384475158
4.423679384475158
4.423679384475158
4.423679384475158
4.423679384475158
4.423679384475158
4.423679384475158
4.423679384475158
4.423679384475158
4.423679384475158
4.423679384475158
4.423679384475158
4.423679384475158
4.423679384475158
4.423679384475158
4.423679384475158
4.423679384475158
4.423679384475158
4.423679384475158
4.423679384475158
4.423679384475158
4.423679384475158
4.423679384475158
4.423679384475158
4.423679384475158
4.943021770945261
4.943021770945261
4.943021770945261
4.943021770945261
4.943021770945261
4.943021770945261
4.943021770945261
4.943021770945261
4.943021770945261
4.943021770945261
4.943021770945261
4.943021770945261
4.943021770945261
4.943021770945261
4.943021770945261
4.943021770945261
4.943021770945261
4.943021770945261
4.943021770945261
4.943021770945261
4.943021770945261
4.943021770945261
4.943021770945261
4.943021770945261
4.943021770945261
4.943021770945261
4.943021770945261
4.943021770945261
4.943021770945261
4.943021770945261
4.943021770945261
4.943021770945261
4.943021770945261
4.943021770945261
4.943021770945261
4.943021770945261
4.943021770945261
4.943021770945261
4.943021770945261
4.943021770945261
4.943021770945261
4.943021770945261
4.943021770945261
4.943021770945261
4.943021770945261
5.534587330568777
5.534587330568777
5.534587330568777
5.534587330568777
5.534587330568777
5.534587330568777
5.534587330568777
5.534587330568777
5.534587330568777
5.534587330568777
5.534587330568777
5.534587330568777
5.534587330568777
5.534587330568777
5.534587330568777
5.534587330568777
5.534587330568777
5.534587330568777
5.534587330568777
5.534587330568777
5.534587330568777
6.003487218221793
6.003487218221793
6.003487218221793
6.003487218221793
6.003487218221793
6.003487218221793
6.003487218221793
6.003487218221793
6.003487218221793
6.003487218221793
6.003487218221793
6.003487218221793
6.003487218221793
6.003487218221793
6.194985551479258
6.194985551479258
6.194985551479258
6.194985551479258
6.194985551479258
6.194985551479258
6.194985551479258
6.194985551479258
6.194985551479258
6.194985551479258
6.194985551479258
6.194985551479258
6.194985551479258
6.194985551479258
6.194985551479258
6.194985551479258
6.194985551479258
6.194985551479258
6.194985551479258
6.194985551479258
6.194985551479258
6.194985551479258
6.194985551479258
6.194985551479258
6.194985551479258
6.2337321388904785
6.2337321388904785
6.2337321388904785
6.2337321388904785
6.2337321388904785
6.2337321388904785
6.437352646237605
6.437352646237605
6.437352646237605
6.437352646237605
6.437352646237605
6.437352646237605
6.437352646237605
6.437352646237605
6.437352646237605
6.437352646237605
6.437352646237605
6.437352646237605
6.437352646237605
6.437352646237605
6.437352646237605
6.437352646237605
6.437352646237605
6.437352646237605
6.437352646237605
6.437352646237605
6.437352646237605
6.437352646237605
6.437352646237605
6.437352646237605
6.437352646237605
6.437352646237605
6.437352646237605
6.437352646237605
6.437352646237605
6.437352646237605
6.437352646237605
6.437352646237605
6.437352646237605
6.437352646237605
6.437352646237605
6.437352646237605
6.437352646237605
6.437352646237605
6.437352646237605
6.437352646237605
6.437352646237605
6.437352646237605
6.437352646237605
6.437352646237605
6.437352646237605
6.437352646237605
6.437352646237605
6.437352646237605
6.437352646237605
6.437352646237605
6.437352646237605
6.437352646237605
6.437352646237605
6.437352646237605
6.437352646237605
6.437352646237605
6.437352646237605
6.437352646237605
6.437352646237605
6.437352646237605
6.437352646237605
6.437352646237605
6.437352646237605
6.437352646237605
6.437352646237605
6.437352646237605
6.437352646237605
6.437352646237605
6.437352646237605
6.437352646237605
6.437352646237605
6.437352646237605
6.437352646237605
6.437352646237605
6.437352646237605
6.437352646237605
6.437352646237605
6.437352646237605
6.437352646237605
6.437352646237605
6.437352646237605
6.437352646237605
6.437352646237605
6.437352646237605
6.437352646237605
6.437352646237605
6.437352646237605
6.437352646237605
6.437352646237605
6.437352646237605
6.437352646237605
6.437352646237605
6.437352646237605
6.437352646237605
6.437352646237605
6.437352646237605
6.437352646237605
6.437352646237605
6.437352646237605
6.437352646237605
6.437352646237605
6.437352646237605
6.437352646237605
6.437352646237605
6.437352646237605
6.437352646237605
6.437352646237605
6.437352646237605
6.437352646237605
6.437352646237605
6.437352646237605
6.437352646237605
6.437352646237605
6.437352646237605
6.437352646237605
6.437352646237605
6.437352646237605
6.437352646237605
6.437352646237605
6.437352646237605
6.437352646237605
6.437352646237605
6.437352646237605
6.437352646237605
6.437352646237605
6.437352646237605
6.437352646237605
6.437352646237605
6.437352646237605
6.437352646237605
6.437352646237605
6.437352646237605
6.437352646237605
6.437352646237605
6.437352646237605
6.437352646237605
6.437352646237605
6.437352646237605
6.437352646237605
6.437352646237605
6.437352646237605
6.437352646237605
6.437352646237605
6.437352646237605
6.437352646237605
6.437352646237605
6.437352646237605
6.437352646237605
6.437352646237605
6.437352646237605
6.437352646237605
6.437352646237605
6.437352646237605
6.437352646237605
6.437352646237605
6.437352646237605
6.437352646237605
6.437352646237605
6.437352646237605
6.437352646237605
6.437352646237605
6.437352646237605
6.437352646237605
6.437352646237605
6.437352646237605
6.437352646237605
6.437352646237605
6.437352646237605
6.437352646237605
6.437352646237605
6.437352646237605
6.437352646237605
6.437352646237605
6.437352646237605
6.437352646237605
6.437352646237605
6.437352646237605
6.437352646237605
6.437352646237605
6.437352646237605
6.437352646237605
6.437352646237605
6.437352646237605
6.437352646237605
6.437352646237605
6.437352646237605
6.437352646237605
6.437352646237605
6.437352646237605
6.437352646237605
6.437352646237605
6.437352646237605
6.437352646237605
6.437352646237605
6.437352646237605
6.437352646237605
6.437352646237605
6.437352646237605
6.437352646237605
6.437352646237605
6.437352646237605
6.437352646237605
6.437352646237605
6.437352646237605
6.437352646237605
6.437352646237605
6.437352646237605
6.437352646237605
6.437352646237605
6.437352646237605
6.437352646237605
6.437352646237605
6.437352646237605
6.437352646237605
6.437352646237605
6.437352646237605
6.437352646237605
6.437352646237605
6.437352646237605
6.437352646237605
6.437352646237605
6.437352646237605
6.437352646237605
6.437352646237605
6.437352646237605
6.437352646237605
6.437352646237605
6.437352646237605
6.437352646237605
6.437352646237605
6.437352646237605
6.437352646237605
6.437352646237605
6.437352646237605
6.437352646237605
6.437352646237605
6.437352646237605
6.437352646237605
6.437352646237605
6.437352646237605
6.437352646237605
6.437352646237605
6.437352646237605
6.437352646237605
6.437352646237605
6.437352646237605
6.437352646237605
6.437352646237605
6.437352646237605
6.437352646237605
6.437352646237605
6.437352646237605
6.437352646237605
6.437352646237605
6.437352646237605
6.437352646237605
6.437352646237605
6.437352646237605
6.437352646237605
6.437352646237605
6.437352646237605
6.437352646237605
6.437352646237605
6.437352646237605
6.437352646237605
6.437352646237605
6.437352646237605
6.437352646237605
6.437352646237605
6.437352646237605
6.437352646237605
6.437352646237605
6.437352646237605
6.437352646237605
6.437352646237605
6.437352646237605
6.437352646237605
6.437352646237605
6.437352646237605
6.5649359167429004
6.5649359167429004
6.5649359167429004
6.5649359167429004
6.5649359167429004
6.5649359167429004
6.5649359167429004
6.5649359167429004
6.5649359167429004
6.5649359167429004
6.5649359167429004
6.5649359167429004
6.5649359167429004
6.5649359167429004
6.5649359167429004
6.5649359167429004
6.5649359167429004
6.5649359167429004
6.5649359167429004
6.5649359167429004
6.5649359167429004
6.5649359167429004
6.5649359167429004
6.5649359167429004
6.5649359167429004
6.5649359167429004
6.5649359167429004
6.5649359167429004
6.5649359167429004
6.5649359167429004
6.5649359167429004
6.5649359167429004
6.5649359167429004
6.5649359167429004
6.5649359167429004
6.5649359167429004
6.5649359167429004
6.5649359167429004
6.5649359167429004
6.5649359167429004
6.5649359167429004
6.5649359167429004
6.5649359167429004
6.5649359167429004
6.5649359167429004
