1.3964431683882783
1.3964431683882783
3.4473500514963775
3.4473500514963775
3.4473500514963775
3.4473500514963775
3.4473500514963775
3.4473500514963775
3.4473500514963775
3.4473500514963775
3.4473500514963775
3.4473500514963775
3.4473500514963775
3.4473500514963775
3.4473500514963775
3.4473500514963775
3.4473500514963775
3.4473500514963775
3.4473500514963775
3.4473500514963775
3.4473500514963775
3.4473500514963775
3.4473500514963775
3.4473500514963775
3.4473500514963775
3.4473500514963775
3.4473500514963775
3.4473500514963775
3.4473500514963775
3.4473500514963775
3.4473500514963775
3.4473500514963775
3.4473500514963775
3.4473500514963775
3.4473500514963775
3.4473500514963775
3.4473500514963775
3.4473500514963775
3.4473500514963775
3.4473500514963775
3.4473500514963775
3.4473500514963775
3.4473500514963775
3.4473500514963775
3.4473500514963775
3.4473500514963775
3.4473500514963775
3.872586678018382
3.635237393896257
3.635237393896257
3.635237393896257
3.635237393896257
3.635237393896257
3.635237393896257
3.635237393896257
3.635237393896257
3.635237393896257
3.635237393896257
3.635237393896257
3.635237393896257
3.635237393896257
3.635237393896257
3.635237393896257
3.635237393896257
3.635237393896257
3.635237393896257
3.635237393896257
3.635237393896257
3.635237393896257
3.635237393896257
3.635237393896257
3.635237393896257
3.635237393896257
3.635237393896257
3.635237393896257
3.635237393896257
3.635237393896257
3.635237393896257
3.635237393896257
3.635237393896257
3.635237393896257
3.635237393896257
3.635237393896257
3.635237393896257
3.635237393896257
3.635237393896257
3.635237393896257
3.635237393896257
3.635237393896257
3.635237393896257
3.635237393896257
3.635237393896257
3.635237393896257
3.635237393896257
3.635237393896257
3.635237393896257
3.635237393896257
3.635237393896257
3.635237393896257
3.635237393896257
3.635237393896257
3.635237393896257
3.635237393896257
3.635237393896257
3.635237393896257
3.635237393896257
3.635237393896257
3.635237393896257
3.635237393896257
3.635237393896257
3.635237393896257
3.635237393896257
3.635237393896257
3.635237393896257
3.635237393896257
3.635237393896257
3.635237393896257
3.635237393896257
3.635237393896257
3.635237393896257
3.635237393896257
3.635237393896257
3.635237393896257
3.635237393896257
3.635237393896257
3.635237393896257
3.635237393896257
3.635237393896257
3.635237393896257
3.635237393896257
3.635237393896257
3.635237393896257
3.635237393896257
3.635237393896257
3.635237393896257
3.635237393896257
3.635237393896257
3.635237393896257
3.635237393896257
3.635237393896257
3.635237393896257
3.635237393896257
4.081064502618653
4.081064502618653
4.081064502618653
4.081064502618653
4.081064502618653
4.081064502618653
4.081064502618653
