1.8190090668720742
2.150907371793853
2.150907371793853
2.150907371793853
2.150907371793853
2.150907371793853
2.150907371793853
2.150907371793853
2.365632862630439
2.365632862630439
2.365632862630439
3.1841655092299317
3.1841655092299317
3.1841655092299317
3.1841655092299317
3.1841655092299317
3.1841655092299317
3.1841655092299317
3.1841655092299317
3.1841655092299317
3.1841655092299317
3.1841655092299317
3.1841655092299317
3.1841655092299317
3.1841655092299317
3.1841655092299317
3.1841655092299317
3.1841655092299317
3.1841655092299317
3.1841655092299317
3.1841655092299317
3.1841655092299317
3.1841655092299317
3.1841655092299317
3.1841655092299317
3.1841655092299317
3.1841655092299317
3.1841655092299317
3.1841655092299317
3.1841655092299317
3.1841655092299317
3.1841655092299317
3.1841655092299317
3.1841655092299317
3.1841655092299317
3.1841655092299317
3.1841655092299317
3.1841655092299317
3.1841655092299317
3.1841655092299317
3.1841655092299317
3.1841655092299317
3.1841655092299317
3.1841655092299317
3.1841655092299317
3.1841655092299317
3.1841655092299317
3.1841655092299317
3.1841655092299317
3.1841655092299317
3.1841655092299317
3.1841655092299317
3.1841655092299317
3.1841655092299317
3.1841655092299317
3.1841655092299317
3.1841655092299317
3.1841655092299317
3.1841655092299317
3.1841655092299317
3.1841655092299317
3.1841655092299317
3.1841655092299317
3.1841655092299317
3.1841655092299317
3.1841655092299317
3.1841655092299317
3.1841655092299317
3.1841655092299317
3.1841655092299317
3.1841655092299317
3.1841655092299317
3.1841655092299317
3.1841655092299317
3.1841655092299317
3.1841655092299317
3.1841655092299317
3.1841655092299317
3.1841655092299317
3.1841655092299317
3.1841655092299317
3.1841655092299317
3.1841655092299317
3.1841655092299317
3.1841655092299317
3.1841655092299317
3.1841655092299317
3.1841655092299317
3.3894119518217334
3.3894119518217334
3.3894119518217334
