0.022615180853077125
0.14026856264853868
1.6496126726212563
1.6496126726212563
1.6496126726212563
1.6496126726212563
2.6826874914353978
2.6826874914353978
2.6826874914353978
2.6826874914353978
2.6826874914353978
2.6826874914353978
2.6826874914353978
2.6826874914353978
2.6826874914353978
2.6826874914353978
2.6826874914353978
2.6826874914353978
2.6826874914353978
2.6826874914353978
2.6826874914353978
2.6826874914353978
7.844170509565506
7.844170509565506
7.844170509565506
7.844170509565506
7.844170509565506
7.844170509565506
7.844170509565506
7.844170509565506
7.844170509565506
7.844170509565506
7.844170509565506
7.844170509565506
7.844170509565506
7.844170509565506
7.844170509565506
7.844170509565506
7.844170509565506
7.844170509565506
7.844170509565506
7.844170509565506
7.844170509565506
7.844170509565506
7.844170509565506
7.844170509565506
7.844170509565506
7.844170509565506
7.844170509565506
7.844170509565506
7.844170509565506
7.844170509565506
7.844170509565506
7.844170509565506
7.844170509565506
7.844170509565506
7.844170509565506
7.844170509565506
7.844170509565506
7.844170509565506
7.844170509565506
7.844170509565506
7.844170509565506
7.844170509565506
7.844170509565506
7.844170509565506
7.844170509565506
7.844170509565506
7.844170509565506
7.844170509565506
7.844170509565506
7.844170509565506
7.844170509565506
7.844170509565506
7.844170509565506
7.844170509565506
7.844170509565506
7.844170509565506
7.844170509565506
7.844170509565506
7.844170509565506
7.844170509565506
7.844170509565506
7.844170509565506
7.844170509565506
7.844170509565506
7.844170509565506
7.844170509565506
7.844170509565506
7.844170509565506
7.844170509565506
7.844170509565506
7.844170509565506
7.844170509565506
7.844170509565506
7.844170509565506
7.844170509565506
7.844170509565506
7.844170509565506
7.844170509565506
7.844170509565506
