2.7203498371261974
2.7203498371261974
2.7203498371261974
2.7203498371261974
2.7203498371261974
2.7203498371261974
2.7203498371261974
2.7203498371261974
2.7203498371261974
2.7203498371261974
2.7203498371261974
2.7203498371261974
2.7203498371261974
4.222704054085663
4.222704054085663
4.222704054085663
4.222704054085663
4.222704054085663
4.222704054085663
6.481528266440827
6.481528266440827
6.481528266440827
6.481528266440827
6.481528266440827
6.481528266440827
6.481528266440827
6.481528266440827
6.481528266440827
6.481528266440827
6.481528266440827
6.481528266440827
6.481528266440827
6.481528266440827
6.481528266440827
6.481528266440827
6.481528266440827
6.481528266440827
6.481528266440827
6.481528266440827
6.481528266440827
6.481528266440827
6.481528266440827
6.481528266440827
6.481528266440827
6.481528266440827
6.481528266440827
6.481528266440827
6.481528266440827
6.481528266440827
6.481528266440827
6.481528266440827
6.481528266440827
6.481528266440827
6.481528266440827
6.481528266440827
6.481528266440827
6.481528266440827
6.481528266440827
6.481528266440827
6.481528266440827
6.481528266440827
6.481528266440827
6.481528266440827
6.481528266440827
6.481528266440827
6.481528266440827
6.481528266440827
6.481528266440827
6.481528266440827
6.481528266440827
6.481528266440827
6.481528266440827
6.481528266440827
6.481528266440827
6.481528266440827
6.481528266440827
6.481528266440827
6.481528266440827
6.481528266440827
6.481528266440827
6.481528266440827
6.481528266440827
6.481528266440827
6.481528266440827
6.481528266440827
6.481528266440827
6.481528266440827
6.481528266440827
6.481528266440827
6.481528266440827
6.481528266440827
6.481528266440827
6.481528266440827
6.481528266440827
6.481528266440827
6.481528266440827
6.481528266440827
6.481528266440827
6.481528266440827
6.481528266440827
6.481528266440827
