2.2057036503500194
2.5808548028523495
2.5808548028523495
2.5808548028523495
2.5808548028523495
2.5808548028523495
2.5808548028523495
2.5808548028523495
2.5808548028523495
2.5808548028523495
2.5808548028523495
2.5808548028523495
2.5808548028523495
2.5808548028523495
2.5808548028523495
4.565157316291065
4.565157316291065
4.565157316291065
4.565157316291065
4.565157316291065
4.565157316291065
4.565157316291065
4.565157316291065
4.565157316291065
9.98654578048128
9.98654578048128
9.98654578048128
9.98654578048128
9.98654578048128
9.98654578048128
9.98654578048128
9.98654578048128
9.98654578048128
9.98654578048128
9.98654578048128
9.98654578048128
9.98654578048128
9.98654578048128
9.98654578048128
9.98654578048128
9.98654578048128
9.98654578048128
9.98654578048128
9.98654578048128
9.98654578048128
9.98654578048128
9.98654578048128
9.98654578048128
9.98654578048128
9.98654578048128
9.98654578048128
9.98654578048128
9.98654578048128
9.98654578048128
9.98654578048128
9.98654578048128
9.98654578048128
9.98654578048128
0.3055552650836726
0.5598486965215141
0.623837719927672
2.1509175366097764
2.1509175366097764
2.1509175366097764
2.1509175366097764
2.1509175366097764
2.5741092203753544
2.5741092203753544
2.5741092203753544
3.242228352194334
3.242228352194334
3.242228352194334
3.242228352194334
3.242228352194334
3.242228352194334
3.242228352194334
3.242228352194334
3.242228352194334
3.242228352194334
3.242228352194334
3.242228352194334
3.242228352194334
3.242228352194334
3.242228352194334
3.242228352194334
3.242228352194334
3.242228352194334
3.242228352194334
3.242228352194334
3.242228352194334
4.168781952243221
4.168781952243221
4.168781952243221
4.168781952243221
4.168781952243221
4.168781952243221
4.168781952243221
4.278414413969592
4.278414413969592
4.278414413969592
4.278414413969592
4.278414413969592
4.278414413969592
4.278414413969592
4.278414413969592
4.278414413969592
4.278414413969592
4.278414413969592
4.278414413969592
4.278414413969592
4.278414413969592
4.278414413969592
4.278414413969592
4.278414413969592
6.638299866711883
6.638299866711883
6.638299866711883
6.638299866711883
6.638299866711883
6.638299866711883
6.638299866711883
6.638299866711883
6.638299866711883
6.638299866711883
6.638299866711883
6.638299866711883
6.638299866711883
6.638299866711883
6.638299866711883
6.638299866711883
6.638299866711883
6.638299866711883
6.638299866711883
6.638299866711883
6.638299866711883
6.638299866711883
6.638299866711883
6.638299866711883
6.638299866711883
6.638299866711883
6.638299866711883
6.638299866711883
6.638299866711883
6.638299866711883
6.638299866711883
6.638299866711883
6.638299866711883
6.638299866711883
6.638299866711883
6.638299866711883
6.638299866711883
6.638299866711883
6.638299866711883
6.638299866711883
6.638299866711883
6.638299866711883
6.638299866711883
6.638299866711883
6.638299866711883
