1.3744917704311594
1.3744917704311594
3.579155999533939
3.579155999533939
3.579155999533939
3.579155999533939
3.579155999533939
3.579155999533939
3.579155999533939
3.579155999533939
3.579155999533939
3.579155999533939
3.579155999533939
3.579155999533939
3.579155999533939
3.579155999533939
3.579155999533939
3.579155999533939
3.579155999533939
6.154875180195596
6.154875180195596
6.154875180195596
6.154875180195596
6.154875180195596
6.154875180195596
6.154875180195596
6.154875180195596
6.154875180195596
6.154875180195596
6.154875180195596
6.154875180195596
6.154875180195596
6.154875180195596
6.154875180195596
6.154875180195596
6.154875180195596
6.154875180195596
6.154875180195596
6.154875180195596
6.154875180195596
6.154875180195596
6.154875180195596
6.154875180195596
6.154875180195596
6.154875180195596
6.154875180195596
6.154875180195596
6.154875180195596
6.154875180195596
6.154875180195596
6.154875180195596
6.154875180195596
6.154875180195596
6.154875180195596
6.154875180195596
6.154875180195596
6.154875180195596
6.154875180195596
6.154875180195596
6.154875180195596
6.154875180195596
6.154875180195596
6.154875180195596
6.154875180195596
6.154875180195596
6.154875180195596
6.154875180195596
6.154875180195596
6.154875180195596
6.154875180195596
6.154875180195596
6.154875180195596
6.154875180195596
6.154875180195596
6.154875180195596
6.154875180195596
6.154875180195596
6.154875180195596
6.154875180195596
6.154875180195596
6.154875180195596
6.154875180195596
6.154875180195596
6.154875180195596
6.154875180195596
6.154875180195596
6.154875180195596
6.154875180195596
6.154875180195596
6.154875180195596
6.154875180195596
6.154875180195596
6.154875180195596
6.154875180195596
6.154875180195596
6.154875180195596
6.154875180195596
6.154875180195596
6.154875180195596
6.154875180195596
6.154875180195596
